# auto-generated by palgen: r,g,b,share (share = fraction of its side)
ground
104,88,72,0.0954
104,104,88,0.0633
88,88,72,0.0630
120,104,88,0.0613
88,104,72,0.0423
72,72,56,0.0403
88,88,88,0.0339
120,120,104,0.0329
88,72,56,0.0325
88,88,56,0.0313
72,88,56,0.0307
104,104,72,0.0265
56,56,40,0.0235
72,72,72,0.0207
88,72,72,0.0201
136,120,104,0.0188
104,88,88,0.0187
104,120,88,0.0184
88,104,56,0.0176
72,88,40,0.0170
104,104,104,0.0160
56,72,40,0.0139
sky
200,200,200,0.1702
184,184,184,0.1076
168,168,184,0.1059
168,184,200,0.0743
168,184,184,0.0719
184,200,216,0.0565
216,216,216,0.0527
184,200,200,0.0431
200,216,216,0.0401
184,184,200,0.0307
200,200,216,0.0270
168,200,216,0.0161
200,200,184,0.0118
232,232,232,0.0106
